41
4
346
53
207
255
1
416
16
13
216
201
327
360
480
491
1
465
336
446
455
133
409
153
292
406
455
253
257
434
457
269
300
61
372
451
218
351
69
413
260
358
384
393
208
173
171
226
309
381
98
199
227
322
77
384
240
260
84
279
340
41
234
345
288
166
58
459
302
193
1
352
421
242
418
380
36
163
441
55
168
148
132
493
293
363
475
390
458
360
477
4
175
345
48
81
150
86
474
74
342
177
148
217
249
449
5
310
236
430
31
302
477
110
282
340
330
104
107
45
34
316
179
173
399
316
202
105
39
76
404
152
474
267
493
436
169
251
43
359
487
311
308
403
474
426
273
277
269
125
434
495
61
56
445
226
401
156
299
158
444
371
179
78
91
495
150
49
109
398
311
397
392
42
105
69
402
245
207
33
297
243
53
3
470
493
413
295
163
467
235
422
197
28
342
425
338
130
358
33
337
131
472
485
141
259
52
119
343
363
236
30
355
174
19
267
201
26
99
371
84
90
372
22
462
250
484
131
121
335
327
311
128
339
65
211
13
169
75
316
50
227
226
216
473
203
354
433
194
34
234
139
320
95
368
191
414
395
412
489
428
182
391
418
424
62
342
188
41
210
64
33
447
437
85
233
105
15
45
422
396
217
427
308
285
455
12
106
230
305
142
488
174
304
351
493
177
158
272
223
16
391
372
249
467
76
440
82
455
31
205
96
261
260
171
447
311
48
220
54
94
471
405
474
193
241
303
456
342
137
37
314
479
285
150
224
378
212
297
287
321
403
247
93
413
329
335
486
321
311
377
97
193
38
481
152
242
262
143
165
46
490
195
486
68
202
344
491
287
64
206
69
254
190
212
329
482
78
172
46
324
424
493
405
222
132
30
422
332
375
392
425
420
199
356
126
2
353
33
193
308
334
266
173
226
13
108
496
271
142
311
107
88
130
46
427
45
32
87
209
65
486
40
148
270
57
9
142
256
348
90
415
225
376
457
36
298
228
235
394
250
311
433
176
299
75
140
221
200
167
75
129
129
237
203
354
405
11
187
138
398
35
20
21
161
198
305
123
122
429
28
266
234
355
95
287
67
303
178
119
397
120
124
493
136
3
130
178
140
491
473
77
415
491
123
145
244
287
215
90
266
276